3525.000000
3525.000000
3525.000000
3525.000000
3525.000000
3331.000000
3331.000000
3331.000000
3331.000000
3331.000000
3327.000000
3327.000000
3327.000000
3327.000000
3327.000000
3222.000000
3222.000000
3226.000000
3226.000000
3226.000000
3243.000000
3243.000000
3243.000000
3243.000000
3243.000000
5086.000000
5086.000000
5088.000000
5088.000000
5088.000000
4735.000000
4735.000000
4738.000000
4738.000000
4738.000000
4738.000000
4738.000000
4741.000000
4741.000000
4741.000000
4561.000000
4561.000000
4569.000000
4569.000000
4569.000000
4579.000000
4579.000000
4578.000000
4578.000000
4578.000000
