0	 50	 3
0	 54	 3
0	 89	 7
0	 132	 5
0	 189	 4
0	 238	 3
1	 53	 5
1	 292	 8
2	 159	 5
2	 190	 1
3	 15	 1
3	 153	 5
3	 209	 5
3	 293	 4
4	 1	 6
4	 118	 4
4	 260	 6
4	 265	 2
5	 196	 9
5	 219	 9
6	 2	 9
6	 28	 1
6	 69	 9
6	 83	 5
6	 154	 4
6	 195	 1
7	 75	 5
7	 78	 5
7	 99	 9
7	 100	 7
7	 112	 6
7	 128	 7
7	 137	 1
7	 246	 3
7	 283	 8
9	 120	 8
9	 230	 6
9	 260	 1
9	 285	 8
10	 9	 4
10	 61	 6
11	 15	 9
11	 79	 8
11	 86	 6
11	 132	 4
11	 144	 3
11	 192	 1
11	 223	 1
11	 238	 4
11	 287	 2
11	 294	 2
12	 35	 8
12	 45	 3
12	 211	 5
13	 72	 3
13	 120	 9
13	 228	 4
14	 41	 4
14	 110	 6
14	 146	 9
14	 156	 5
14	 161	 2
14	 191	 3
15	 61	 8
15	 198	 9
16	 164	 6
17	 148	 7
17	 256	 7
17	 280	 4
18	 38	 4
18	 67	 7
19	 74	 7
19	 112	 5
19	 145	 3
19	 151	 5
19	 153	 3
19	 240	 2
20	 81	 2
20	 83	 4
20	 224	 2
20	 226	 7
20	 299	 8
21	 2	 1
21	 237	 6
21	 252	 4
22	 29	 8
22	 62	 5
22	 159	 4
23	 292	 4
24	 78	 9
24	 179	 4
24	 242	 2
25	 46	 1
25	 172	 7
26	 286	 8
27	 77	 5
27	 134	 8
27	 201	 6
27	 259	 4
28	 164	 3
28	 212	 7
29	 83	 1
29	 116	 8
29	 246	 5
30	 112	 2
33	 110	 7
34	 0	 7
34	 68	 8
34	 214	 1
34	 215	 9
35	 231	 6
36	 175	 7
37	 133	 4
37	 275	 8
37	 292	 5
38	 14	 8
38	 28	 7
38	 99	 2
38	 108	 9
38	 267	 9
39	 24	 5
39	 219	 2
39	 236	 4
39	 272	 3
40	 16	 2
40	 62	 1
40	 74	 6
40	 75	 9
40	 110	 6
40	 156	 8
40	 227	 9
41	 20	 9
41	 40	 3
41	 124	 7
41	 287	 3
42	 20	 2
42	 168	 8
42	 239	 4
43	 16	 9
43	 96	 4
43	 284	 1
44	 248	 1
45	 14	 5
45	 33	 2
45	 34	 8
46	 120	 7
46	 197	 9
46	 232	 2
47	 28	 3
48	 16	 9
48	 31	 3
48	 58	 4
48	 73	 9
48	 83	 5
48	 107	 8
48	 189	 8
48	 291	 6
49	 198	 6
50	 152	 2
50	 244	 1
51	 143	 5
51	 267	 3
52	 150	 8
52	 204	 2
53	 11	 7
53	 57	 9
54	 237	 4
55	 39	 7
55	 82	 2
55	 106	 9
55	 213	 3
56	 65	 1
57	 25	 2
57	 179	 1
58	 58	 2
58	 71	 9
58	 130	 1
58	 182	 8
59	 1	 9
59	 144	 1
59	 150	 2
59	 221	 7
59	 266	 8
60	 25	 8
60	 60	 8
60	 121	 3
60	 197	 9
60	 267	 6
61	 133	 5
61	 193	 6
61	 215	 6
62	 188	 2
62	 216	 9
62	 242	 5
62	 243	 5
63	 49	 6
63	 129	 2
64	 8	 7
64	 12	 1
64	 75	 6
64	 145	 9
64	 167	 9
64	 176	 1
65	 74	 2
65	 111	 8
65	 247	 1
66	 74	 2
66	 193	 3
66	 232	 5
67	 263	 8
69	 43	 2
69	 89	 1
69	 195	 4
71	 54	 6
71	 63	 5
71	 108	 6
71	 151	 4
71	 276	 1
72	 121	 6
72	 200	 4
72	 244	 6
73	 7	 3
73	 232	 9
73	 252	 8
74	 47	 1
74	 145	 5
74	 293	 4
75	 86	 1
75	 293	 8
76	 131	 8
77	 61	 4
77	 76	 6
77	 104	 6
80	 113	 5
80	 132	 8
80	 162	 8
80	 186	 6
81	 1	 9
81	 146	 6
81	 158	 1
81	 255	 6
81	 278	 4
83	 21	 2
83	 100	 1
83	 110	 8
83	 112	 1
83	 154	 7
83	 216	 3
83	 230	 8
83	 262	 8
85	 9	 5
85	 184	 4
85	 233	 7
85	 288	 5
86	 100	 1
86	 217	 2
86	 297	 3
87	 43	 7
88	 67	 6
88	 267	 2
89	 60	 9
89	 114	 3
89	 173	 7
89	 219	 2
89	 294	 8
90	 45	 5
91	 140	 9
91	 147	 4
91	 263	 1
91	 269	 3
91	 279	 9
92	 108	 5
92	 165	 8
92	 231	 9
92	 265	 7
93	 94	 9
93	 237	 9
94	 7	 2
94	 71	 1
94	 151	 9
94	 165	 3
94	 252	 1
95	 87	 7
95	 104	 4
95	 151	 8
95	 256	 5
96	 259	 6
96	 288	 1
97	 101	 3
97	 104	 4
97	 197	 4
97	 266	 8
97	 285	 5
98	 24	 5
98	 35	 4
98	 38	 5
98	 152	 1
98	 232	 9
99	 189	 4
100	 5	 9
100	 185	 4
100	 263	 7
101	 11	 4
101	 18	 8
101	 208	 9
102	 193	 9
102	 270	 7
103	 41	 5
103	 103	 6
103	 117	 9
103	 213	 6
103	 223	 8
103	 253	 1
105	 157	 1
105	 219	 3
106	 145	 4
106	 225	 4
107	 4	 5
107	 43	 4
107	 138	 8
107	 171	 9
107	 226	 8
108	 20	 7
108	 50	 2
108	 97	 3
108	 151	 1
109	 181	 8
110	 138	 2
110	 227	 5
110	 248	 5
111	 3	 8
111	 35	 6
111	 254	 1
112	 100	 3
112	 104	 1
112	 113	 5
112	 186	 3
113	 144	 8
113	 236	 4
114	 208	 3
114	 242	 6
115	 74	 9
115	 190	 3
116	 123	 9
116	 133	 8
116	 153	 4
116	 220	 4
116	 227	 8
117	 99	 4
117	 274	 2
117	 293	 5
118	 148	 1
118	 189	 9
118	 217	 4
119	 43	 5
119	 58	 9
119	 126	 6
119	 128	 8
119	 164	 2
119	 209	 8
119	 274	 4
121	 31	 3
121	 124	 4
122	 8	 9
122	 28	 8
123	 34	 8
123	 74	 7
123	 113	 9
123	 186	 2
124	 109	 4
124	 244	 3
125	 57	 7
125	 108	 9
125	 117	 7
125	 129	 5
125	 233	 7
125	 293	 8
125	 299	 3
126	 45	 2
126	 105	 7
126	 128	 2
127	 32	 5
127	 38	 9
127	 223	 4
127	 230	 9
128	 88	 3
128	 216	 7
128	 260	 8
128	 266	 4
128	 279	 7
129	 4	 1
129	 214	 4
129	 219	 1
129	 292	 9
130	 75	 4
130	 236	 5
130	 256	 7
130	 287	 3
131	 19	 8
131	 263	 8
132	 182	 4
133	 66	 8
133	 78	 8
133	 117	 3
134	 20	 5
135	 2	 9
135	 62	 8
135	 143	 1
135	 144	 9
135	 185	 1
136	 164	 7
137	 98	 1
137	 183	 8
139	 186	 9
140	 117	 5
141	 38	 8
141	 52	 7
141	 157	 8
141	 290	 5
141	 291	 3
142	 0	 6
142	 91	 6
142	 92	 5
142	 100	 4
142	 105	 2
142	 198	 4
143	 124	 7
143	 268	 9
144	 27	 3
144	 84	 5
144	 200	 3
145	 115	 1
145	 160	 5
145	 238	 2
145	 292	 1
146	 3	 1
146	 147	 6
146	 167	 3
146	 207	 9
147	 10	 9
147	 117	 8
147	 226	 8
147	 276	 4
148	 79	 5
148	 125	 8
148	 136	 2
148	 137	 7
148	 155	 3
148	 275	 2
149	 82	 9
149	 153	 1
149	 234	 3
149	 276	 2
150	 126	 5
150	 297	 3
151	 18	 8
151	 35	 1
151	 53	 8
151	 130	 1
151	 245	 2
152	 144	 9
152	 198	 9
153	 13	 2
153	 132	 9
153	 141	 7
153	 154	 2
153	 292	 3
155	 7	 2
156	 4	 9
156	 46	 4
156	 201	 6
156	 238	 5
157	 38	 2
157	 45	 9
157	 120	 8
157	 145	 4
157	 215	 5
157	 267	 6
157	 284	 6
158	 70	 3
158	 151	 3
159	 8	 3
159	 10	 3
159	 42	 6
159	 79	 5
159	 95	 6
159	 148	 3
159	 151	 7
159	 186	 7
159	 247	 5
160	 88	 8
160	 150	 8
160	 176	 8
160	 177	 7
160	 178	 1
160	 255	 5
161	 41	 8
161	 86	 9
161	 259	 9
162	 32	 5
162	 65	 2
162	 214	 5
163	 72	 3
163	 89	 4
163	 191	 6
163	 241	 2
163	 250	 2
163	 285	 1
163	 286	 3
164	 4	 3
164	 201	 8
165	 81	 6
166	 201	 8
166	 289	 2
167	 57	 7
167	 97	 6
167	 107	 7
168	 88	 8
168	 160	 1
169	 21	 1
169	 190	 7
169	 246	 4
170	 0	 3
170	 28	 3
170	 132	 9
170	 182	 4
170	 188	 7
171	 12	 7
171	 172	 6
171	 200	 9
171	 213	 8
172	 68	 7
172	 129	 1
172	 140	 4
172	 159	 5
172	 189	 5
172	 205	 7
173	 112	 6
173	 140	 3
173	 157	 3
173	 279	 2
174	 50	 4
174	 193	 5
174	 203	 5
174	 289	 6
175	 106	 3
175	 115	 6
175	 149	 7
175	 214	 8
176	 16	 6
176	 140	 5
176	 266	 6
177	 27	 1
177	 61	 9
177	 62	 8
177	 293	 2
178	 41	 2
178	 62	 9
178	 100	 6
178	 131	 7
179	 112	 1
179	 189	 5
179	 206	 5
180	 23	 9
180	 94	 9
181	 105	 8
181	 166	 4
182	 12	 7
182	 152	 4
183	 280	 9
185	 222	 1
185	 245	 4
186	 18	 4
187	 6	 8
187	 13	 1
187	 56	 7
187	 97	 8
187	 162	 2
187	 190	 5
187	 270	 5
188	 20	 2
189	 124	 8
189	 162	 2
189	 295	 8
190	 61	 6
190	 217	 5
191	 18	 4
191	 62	 9
191	 68	 6
191	 105	 3
191	 174	 9
191	 251	 9
191	 266	 1
192	 46	 2
192	 72	 1
192	 180	 6
193	 162	 6
194	 117	 2
194	 118	 3
194	 154	 7
194	 235	 1
195	 33	 3
195	 113	 6
195	 261	 9
195	 273	 8
195	 280	 8
196	 10	 3
196	 266	 2
197	 97	 5
197	 133	 3
197	 199	 3
197	 244	 1
197	 259	 5
199	 49	 7
199	 86	 7
200	 38	 8
200	 147	 3
200	 153	 5
200	 245	 6
201	 37	 2
201	 269	 7
202	 246	 6
202	 251	 1
203	 217	 7
205	 80	 3
205	 272	 6
205	 275	 6
206	 107	 5
206	 212	 7
206	 228	 6
209	 16	 6
209	 110	 7
210	 27	 4
210	 149	 3
210	 151	 4
211	 219	 3
212	 61	 6
212	 78	 8
212	 171	 2
212	 215	 5
213	 116	 6
213	 142	 2
213	 199	 3
214	 87	 4
214	 176	 6
214	 210	 4
216	 131	 4
216	 251	 6
216	 276	 9
216	 284	 8
216	 288	 9
217	 72	 1
217	 140	 2
217	 159	 5
218	 245	 8
219	 25	 2
219	 68	 1
219	 222	 8
219	 269	 3
220	 13	 7
220	 118	 4
220	 123	 8
221	 22	 1
221	 225	 8
221	 230	 4
222	 6	 6
222	 40	 7
222	 58	 2
222	 69	 8
222	 102	 1
222	 183	 5
222	 249	 9
222	 278	 8
223	 36	 3
223	 114	 8
223	 202	 3
223	 224	 6
223	 290	 3
224	 133	 7
225	 123	 4
225	 169	 8
225	 228	 9
225	 284	 9
226	 97	 4
226	 100	 9
226	 146	 9
226	 153	 4
226	 221	 6
226	 261	 4
227	 8	 2
227	 138	 9
227	 182	 7
227	 183	 1
227	 215	 6
228	 35	 9
228	 66	 8
228	 116	 1
228	 185	 6
228	 260	 3
229	 50	 9
230	 83	 6
230	 156	 2
230	 294	 5
231	 75	 2
232	 16	 2
232	 75	 4
232	 76	 1
232	 220	 4
232	 258	 1
232	 264	 8
233	 50	 1
233	 171	 3
235	 82	 4
235	 136	 2
235	 221	 8
235	 238	 4
236	 41	 4
236	 52	 6
236	 271	 5
236	 278	 4
236	 288	 8
237	 24	 6
237	 103	 5
237	 134	 2
237	 238	 1
239	 89	 9
239	 143	 8
240	 51	 6
240	 258	 8
240	 279	 2
240	 297	 9
241	 1	 5
241	 212	 2
241	 218	 2
241	 231	 5
241	 264	 1
242	 34	 2
242	 142	 7
243	 130	 8
244	 235	 6
245	 99	 1
245	 274	 8
246	 75	 6
246	 127	 6
246	 202	 4
246	 242	 1
246	 257	 1
247	 120	 7
248	 165	 5
249	 7	 8
249	 20	 5
249	 161	 5
249	 274	 2
250	 117	 6
250	 123	 8
250	 175	 5
250	 178	 3
250	 246	 2
250	 298	 1
251	 81	 5
251	 143	 8
251	 206	 3
251	 274	 7
252	 288	 9
253	 23	 7
253	 117	 3
253	 139	 6
253	 257	 3
254	 53	 4
254	 282	 5
254	 293	 4
255	 182	 2
256	 57	 9
256	 71	 6
256	 100	 9
256	 132	 3
256	 223	 1
257	 205	 7
257	 248	 5
257	 268	 6
257	 284	 7
257	 293	 1
258	 22	 7
258	 106	 1
258	 143	 7
258	 147	 3
258	 160	 4
258	 267	 8
258	 282	 3
259	 287	 1
260	 230	 6
260	 260	 6
260	 292	 4
261	 46	 7
261	 213	 3
261	 294	 3
262	 79	 7
262	 84	 7
262	 107	 2
263	 92	 8
263	 141	 9
263	 148	 7
263	 177	 6
264	 2	 5
264	 37	 4
264	 133	 7
265	 24	 6
265	 148	 2
265	 209	 2
266	 109	 6
266	 177	 1
266	 213	 7
267	 32	 1
267	 234	 5
267	 262	 6
268	 44	 7
268	 119	 7
269	 109	 9
269	 116	 7
269	 153	 9
269	 285	 8
270	 53	 5
270	 207	 5
270	 214	 5
271	 37	 2
272	 68	 9
272	 98	 8
272	 103	 7
272	 118	 8
272	 230	 1
273	 88	 9
273	 95	 8
273	 293	 5
274	 119	 7
274	 200	 8
275	 180	 5
276	 4	 4
276	 134	 7
276	 140	 4
276	 155	 8
276	 160	 3
277	 67	 9
277	 195	 2
278	 88	 4
279	 80	 8
280	 127	 4
280	 279	 4
281	 28	 4
281	 85	 9
281	 298	 6
282	 24	 1
282	 26	 8
282	 49	 2
282	 120	 8
282	 121	 2
282	 135	 3
282	 176	 8
283	 65	 6
283	 120	 6
283	 205	 7
284	 0	 2
284	 76	 6
284	 156	 3
284	 268	 2
285	 96	 6
285	 115	 1
285	 143	 6
285	 272	 5
286	 50	 7
286	 207	 4
287	 129	 7
287	 177	 8
287	 178	 6
287	 194	 8
287	 214	 7
287	 287	 6
287	 299	 5
288	 0	 2
288	 211	 7
288	 249	 1
289	 51	 7
290	 130	 1
291	 202	 4
292	 142	 3
292	 299	 5
293	 283	 4
295	 10	 4
295	 257	 1
295	 294	 7
295	 296	 9
296	 163	 3
296	 181	 3
298	 245	 4
299	 35	 9
299	 57	 3
