Matrix: af23560
============================================================

Partitioning Time (us)
------------------------------
tf\tau	32	64	128	256	512	1024	
32	59472.00	59472.00	59495.00	59495.00	59495.00	59489.00	
64	59529.00	59529.00	59518.00	59518.00	59518.00	59523.00	
128	59370.00	59370.00	59392.00	59392.00	59392.00	59372.00	
256	59524.00	59524.00	59531.00	59531.00	59531.00	59510.00	
512	59897.00	59897.00	59893.00	59893.00	59893.00	59907.00	
1024	N/A	N/A	N/A	N/A	N/A	N/A	

Data Transfer Time (us)
------------------------------
tf\tau	32	64	128	256	512	1024	
32	1326.00	1326.00	1326.00	1326.00	1326.00	1325.00	
64	1331.00	1331.00	1332.00	1332.00	1332.00	1331.00	
128	1441.00	1441.00	1441.00	1441.00	1441.00	1441.00	
256	1799.00	1799.00	1797.00	1797.00	1797.00	1797.00	
512	3222.00	3222.00	3224.00	3224.00	3224.00	3222.00	
1024	N/A	N/A	N/A	N/A	N/A	N/A	

============================================================
