Matrix: poisson3Da
============================================================

Partitioning Time (us)
------------------------------
tf\tau	32	64	128	256	512	1024	
32	40740.00	40740.00	40755.00	40755.00	40755.00	40753.00	
64	40774.00	40774.00	40771.00	40771.00	40771.00	40779.00	
128	40821.00	40821.00	40826.00	40826.00	40826.00	40822.00	
256	40923.00	40923.00	40926.00	40926.00	40926.00	40928.00	
512	41377.00	41377.00	41361.00	41361.00	41361.00	41375.00	
1024	N/A	N/A	N/A	N/A	N/A	N/A	

Data Transfer Time (us)
------------------------------
tf\tau	32	64	128	256	512	1024	
32	988.00	988.00	987.00	987.00	987.00	988.00	
64	1004.00	1004.00	1003.00	1003.00	1003.00	1004.00	
128	1099.00	1099.00	1100.00	1100.00	1100.00	1100.00	
256	1456.00	1456.00	1455.00	1455.00	1455.00	1457.00	
512	2881.00	2881.00	2880.00	2880.00	2880.00	2878.00	
1024	N/A	N/A	N/A	N/A	N/A	N/A	

============================================================
